toy_network/10-a;
        1       43783
        32      43358
        63      43020
        65      43003
toy_network/10-b;
        0       50199
        1       48279
        5       47898
        11      47792
        12      46959
        29      46555
        32      46100
        63      45950
        65      45870
        70      45784
        72      45422
toy_network/10-c;
        1       48694
        12      48617
        29      48586
        32      47871
        65      47106
        58      46684
toy_network/10-d;
        1       49516
        12      49155
        29      48902
        32      48442
        65      47882
        70      47365
        72      47001
toy_network/10-e;
        1       51313
        32      50618
        63      50455
        65      50188
toy_network/10-f;
        1       54342
        12      53683
        32      53073
        63      52703
        65      52648
        72      52367
toy_network/10-g;
        1       51974
        32      51289
        65      50959
        72      50536
toy_network/11-a;
        1       61626
        32      61201
        52      61048
        5       60933
        80      59476
toy_network/11-b;
        1       65543
        4       65064
        52      63528
        75      62691
        5       61741
        80      60925
toy_network/11-c;
        1       64161
        32      63446
        62      62857
        65      62681
toy_network/11-d;
        1       64677
        32      64217
        52      64006
        5       63891
        80      62683
toy_network/11-e;
        27      72387
        29      72237
        52      71465
        0       71459
        5       70627
        75      69264
        12      68794
        32      68523
        62      68064
toy_network/11-f;
        11      74041
        1       73258
        27      72946
        32      72336
        52      71858
        4       71758
        75      71154
        5       70426
        80      69293
toy_network/11-g;
        1       73844
        5       72781
        52      71081
        75      68845
        80      67620